922
2916
4713
6429
8090
9681
11544
13316
13632
14583
16700
16776
17031
17335
17594
18951
19525
19745
21482
21677
24856
27069
28584
28620
29491
30984
31235
31241
32634
32643
36118
37668
39734
42636
43084
44897
45372
46138
47407
48110
48795
48883
49016
50181
53586
54803
55250
56735
58352
61338
63268
65201
65277
65639
65838
70795
74370
75100
75263
76505
77118
77931
78353
80516
82631
83705
84263
84297
84581
84701
84715
86993
88193
88950
89489
90471
91880
92765
93068
93192
93458
93655
94068
95221
96011
96642
96897
97409
100002
101468
101735
102856
103076
103232
103626
106810
107484
108678
109015
109303
111396
111595
115318
115353
115917
117011
118834
119041
120854
120903
121889
122434
124945
125049
125732
126098
126347
126874
127354
128814
128861
129162
129784
132896
132929
135260
135823
136157
137858
138006
138854
139995
141530
142127
142702
143330
145247
145789
146192
146276
146884
147058
147428
147719
148676
148962
149388
149882
151758
152446
152452
152765
153282
153928
154395
154760
155413
155439
155609
155910
156899
158242
159178
159196
163578
166471
167284
167617
167964
168409
168850
169237
169776
169793
171152
171227
171237
172335
174032
175704
176097
176211
176764
177263
177547
177839
177951
179043
179430
179567
179628
181261
181812
182471
184106
185317
186181
188642
191127
195516
198176
198542
199008
204768
205834
205851
206033
206180
206434
206860
207208
207878
208896
209166
211374
214859
216336
216709
218414
218610
218639
219140
220059
220222
221247
222962
224968
226700
227241
227404
227853
228363
228553
228863
230019
231537
232846
235278
236796
237208
237220
237412
239277
240487
242478
243231
251139
254142
255127
257936
257953
258130
258277
261428
261658
262744
264544
268034
268353
268364
273710
274457
274715
275599
275731
275737
277076
277154
278697
280447
281201
281969
282917
284725
284831
287539
289419
289934
291643
292524
295774
297942
298206
299218
300132
300741
304811
307309
307994
311050
311680
313375
313440
313997
316217
316381
316529
316587
318364
319133
321416
322114
325038
325544
325882
327416
327618
329029
329035
329544
330193
331702
331728
331976
332294
332511
338255
340324
341296
341920
342067
343550
345400
346088
352609
353703
354291
357157
357447
357925
358602
359645
359739
360982
361916
362517
362786
364614
364620
365294
365377
366447
366941
367904
368032
371146
371696
371812
374085
374717
375941
376454
376678
377014
377437
377677
377938
380608
380991
382240
382747
383598
386564
386676
389140
389457
392792
393040
393104
395249
395710
397391
401940
402078
403050
403095
407165
407331
407847
408054
409158
409293
409566
410756
413596
413791
417822
418795
419652
420020
420125
420258
420459
421203
422813
424054
424574
425506
425879
426483
427495
427922
428564
430350
431092
431147
433813
434533
434745
437682
440030
440988
441409
441450
441632
447880
448903
449830
451749
451799
452329
453577
453764
455265
455780
455786
455869
456836
457460
461514
461561
463987
465370
465486
467029
468916
469508
469920
472948
475253
475953
478057
478093
478433
479004
479606
480200
481776
481787
484319
485700
486293
488208
490008
490221
490398
490503
491051
491508
493085
494333
495101
495710
497859
498401
499571
500302
501260
501644
502803
503077
503368
503840
504527
507441
507948
508887
509977
510747
511213
512177
514802
515280
515724
518921
521708
522571
524465
525700
525723
526100
527978
528618
529652
532204
535728
536242
536248
536914
540520
541961
542823
543066
543252
544308
544801
545013
545090
545651
546096
546368
546973
547038
547947
548059
549437
549624
550111
550634
550729
552433
553979
555140
555684
556891
557102
558433
559700
559853
560221
560975
563942
564322
565602
566651
571658
571721
573051
573063
573889
574182
574446
575513
576204
577607
577681
577817
578953
579634
580756
582859
583650
584715
585138
585291
585409
586258
588804
592175
596806
596812
596897
597255
599627
600734
602366
602431
602963
604548
604909
605224
605370
606272
606477
606910
606946
607291
607300
607334
607960
608418
610550
611621
612604
614082
614116
615613
616519
617302
618231
618622
618835
621560
622246
622281
623118
625837
626202
627864
628010
628603
629858
631905
633683
633689
635013
636604
636863
636970
637606
638351
638505
638970
639196
639774
640277
641261
641307
641553
642005
642844
645452
646525
647394
648446
648627
650578
650998
651319
652156
656627
656938
657080
657294
657742
657915
657956
658875
660652
662204
662773
668487
669945
670057
671339
674733
674789
674951
676279
677530
678619
680207
680968
681314
682530
684300
686459
686465
686593
687815
689678
689929
690345
690653
691575
695017
695983
696178
696825
697376
697755
698321
698365
700842
701210
701714
702233
703452
704515
705868
706300
706332
706821
707170
708244
710191
710488
711680
713193
713772
715636
716124
716461
717238
719010
719040
719732
720061
720067
721414
724277
725636
728738
735219
735719
735898
737531
742919
743334
743672
744329
744546
744989
745323
747178
748270
748884
749571
751680
753839
754167
754285
754848
755493
756251
756508
757821
761326
762724
764941
767490
770365
771126
772717
774708
774962
774968
775957
777546
779595
780554
781273
783243
783753
785660
785716
786358
786500
786824
787751
787810
788504
791832
792329
792832
793106
793280
793739
793824
794396
794483
795597
797099
797864
798158
800056
800505
800840
802560
803401
803944
805775
806120
806690
808917
812589
813161
813650
816255
816487
816551
818978
819277
821205
821603
821786
822272
822445
822519
823037
826074
826084
826653
827503
828890
829480
830872
831011
832578
837290
837503
838468
842132
842448
842753
844611
845545
845755
846310
846415
846879
847573
847579
848139
848263
848420
850565
850571
851062
851505
854123
856975
857626
858726
859079
859085
860273
860942
861069
861355
861484
862628
863224
865832
866588
866927
867914
868774
868974
869719
870708
871569
871575
873466
873536
874562
874675
874929
875897
876117
878579
880662
881472
882679
886048
887278
887559
887878
889688
890189
892132
895162
897207
897960
899543
899778
903300
903708
905024
906174
907452
909111
909436
911038
911396
911929
912990
915043
915185
916424
918664
919017
919125
920845
921647
922173
923574
923669
924365
925731
927467
929735
933280
934177
934323
935527
937221
937979
938607
939707
940480
944520
944559
950458
953153
954237
955089
956397
957769
959264
960296
960600
961771
965688
966182
966794
968065
968403
970375
970796
971328
972795
975701
975766
976009
976320
976424
976501
977087
977093
977099
980163
982629
983586
988887
989965
991731
991910
992362
995242
996927
997035
